Time(ms) photo_num Photo_Time speed steer_pos servo_pos sonar_dist lon lat gps_time magx magy magz gyroz delta_enc_counts
2188 11 0 0 570 51 0 -1 -1 -1 35.5 -34.0 -83.3 -0.01 1
2226 12 0 0 570 54 1203 -1 -1 -1 35.5 -33.3 -82.8 -0.01 0
2264 12 0 0 570 57 849 -1 -1 -1 35.5 -33.3 -82.8 -0.01 0
2303 12 0 0 570 60 846 -1 -1 -1 35.3 -33.9 -83.0 0.0 0
2341 12 0 0 570 63 895 -1 -1 -1 35.3 -33.9 -83.0 -0.01 0
2378 12 0 0 570 66 850 -1 -1 -1 35.6 -34.2 -83.0 -0.01 0
2417 13 0 0 570 69 829 -1 -1 -1 35.6 -34.2 -83.0 -0.01 0
2455 13 0 0 570 72 923 -1 -1 -1 35.5 -34.0 -83.3 -0.01 0
2494 13 0 0 570 75 1090 -1 -1 -1 35.4 -33.7 -83.1 -0.01 0
2532 13 0 0 570 78 1348 -1 -1 -1 35.4 -33.7 -83.1 -0.01 0
2570 13 0 0 570 81 0 -1 -1 -1 35.6 -33.8 -83.5 -0.01 0
2608 14 0 0 570 84 2731 -1 -1 -1 35.6 -33.8 -83.5 -0.01 0
2647 14 0 0 570 87 2713 -1 -1 -1 35.5 -34.0 -82.9 -0.01 0
2685 14 0 0 570 90 2397 -1 -1 -1 35.5 -34.0 -82.9 -0.01 0
2723 14 0 0 570 93 0 -1 -1 -1 35.7 -33.6 -83.0 -0.01 0
2761 14 0 0 570 96 0 -1 -1 -1 35.7 -33.6 -83.2 -0.01 0
2799 15 0 0 570 99 0 -1 -1 -1 35.4 -33.0 -83.2 -0.01 0
2837 15 0 0 570 102 0 -1 -1 -1 35.5 -33.6 -83.0 -0.01 0
2875 15 0 0 570 105 0 -1 -1 -1 35.5 -33.6 -83.0 -0.01 0
2914 15 0 0 570 108 3172 -1 -1 -1 35.5 -33.5 -83.2 -0.01 0
2951 15 0 0 570 111 0 -1 -1 -1 35.5 -33.5 -83.2 -0.01 0
2990 15 0 0 570 114 0 -1 -1 -1 35.2 -33.3 -83.2 -0.01 0
3028 16 0 0 570 117 2732 -1 -1 -1 35.2 -33.3 -83.2 -0.01 0
3065 16 0 0 570 120 2616 -1 -1 -1 35.1 -33.7 -82.9 -0.01 0
3104 16 0 0 570 117 2261 -1 -1 -1 35.4 -33.8 -83.2 -0.01 0
3143 16 0 0 570 114 2297 -1 -1 -1 35.4 -33.8 -83.2 -0.01 0
3181 16 0 0 570 111 0 -1 -1 -1 35.3 -33.6 -83.3 0.0 0
3219 17 0 0 570 108 0 -1 -1 -1 35.3 -33.6 -83.3 -0.01 0
3257 17 0 0 570 105 0 -1 -1 -1 35.7 -34.3 -82.8 -0.01 0
3296 17 0 0 570 102 0 -1 -1 -1 35.7 -34.3 -82.8 0.0 0
3333 17 0 0 570 99 0 -1 -1 -1 35.3 -34.1 -82.6 -0.01 0
3371 17 0 0 570 96 3156 -1 -1 -1 35.3 -34.1 -82.6 -0.01 0
3410 18 0 0 570 93 0 -1 -1 -1 35.4 -33.7 -83.1 -0.01 0
3448 18 0 0 570 90 0 -1 -1 -1 35.7 -33.5 -82.9 -0.01 0
3486 18 0 0 570 87 0 -1 -1 -1 35.7 -33.5 -82.9 -0.01 0
3525 18 0 0 570 84 0 -1 -1 -1 35.8 -34.0 -83.0 -0.01 0
3563 18 0 0 570 81 2470 -1 -1 -1 35.8 -34.0 -83.0 -0.01 0
3602 19 0 0 570 78 0 -1 -1 -1 35.8 -34.0 -82.7 -0.01 0
3641 19 0 0 570 75 2733 -1 -1 -1 35.8 -34.0 -82.7 -0.01 0
3678 19 0 0 570 72 0 -1 -1 -1 35.9 -33.9 -82.8 -0.01 0
3716 19 0 0 570 69 0 -1 -1 -1 35.9 -33.6 -83.7 -0.01 0
3753 19 0 0 570 66 1341 -1 -1 -1 35.5 -33.6 -83.7 -0.01 0
3792 19 0 0 570 63 971 -1 -1 -1 35.2 -33.8 -82.9 -0.01 0
3831 19 0 0 570 60 827 -1 -1 -1 35.2 -33.8 -82.9 -0.01 0
3868 20 0 0 570 57 840 -1 -1 -1 35.5 -33.8 -83.2 -0.01 0
3906 20 0 0 570 54 865 -1 -1 -1 35.5 -33.8 -83.2 -0.01 0
3945 20 0 0 570 51 884 -1 -1 -1 35.2 -34.0 -83.0 -0.01 0
3982 20 0 0 570 48 894 -1 -1 -1 35.2 -34.0 -83.0 -0.01 0
4021 20 0 0 570 45 810 -1 -1 -1 35.1 -33.8 -83.5 -0.01 0
4059 20 0 0 570 42 754 -1 -1 -1 35.2 -33.9 -83.2 -0.01 0
4096 21 0 0 570 45 644 -1 -1 -1 35.2 -33.9 -83.2 -0.01 0
4135 21 0 0 570 48 643 -1 -1 -1 35.3 -33.9 -83.1 -0.01 0
4172 21 0 0 570 51 700 -1 -1 -1 35.3 -33.9 -83.1 -0.01 0
4211 21 0 0 570 54 836 -1 -1 -1 35.6 -33.9 -82.8 -0.01 0
4250 21 0 0 570 57 867 -1 -1 -1 35.6 -33.9 -82.8 -0.01 0
4288 21 0 0 570 60 889 -1 -1 -1 35.7 -34.0 -83.0 -0.01 0
4326 22 0 0 570 63 870 -1 -1 -1 35.7 -34.0 -83.0 -0.01 0
4364 22 0 0 570 66 849 -1 -1 -1 35.6 -33.2 -83.0 -0.01 0
4402 22 0 0 570 69 830 -1 -1 -1 35.5 -33.5 -82.8 -0.01 0
4440 22 0 0 570 72 905 -1 -1 -1 35.5 -33.5 -82.8 -0.01 0
4478 22 0 0 570 75 1110 -1 -1 -1 35.5 -33.3 -82.8 -0.01 0
4517 23 0 0 570 78 0 -1 -1 -1 35.5 -33.3 -82.8 -0.01 0
4554 23 0 0 570 81 33 -1 -1 -1 35.8 -34.0 -82.9 -0.01 0
4593 23 0 0 570 84 0 -1 -1 -1 35.8 -34.0 -82.9 -0.01 0
4631 23 0 0 570 87 0 -1 -1 -1 35.4 -33.7 -83.4 -0.01 0
4668 23 0 0 570 90 2385 -1 -1 -1 35.4 -33.5 -83.4 -0.01 0
4707 24 0 0 570 93 2648 -1 -1 -1 35.1 -33.5 -83.4 -0.01 0
4744 24 0 0 570 96 0 -1 -1 -1 35.4 -33.6 -83.3 -0.01 0
4782 24 0 0 570 99 0 -1 -1 -1 35.4 -33.6 -83.3 -0.01 0
4821 24 0 0 570 102 0 -1 -1 -1 35.2 -33.6 -83.6 -0.01 0
4858 24 0 0 570 105 0 -1 -1 -1 35.2 -33.6 -83.6 -0.01 0
4897 25 0 0 570 108 3193 -1 -1 -1 35.6 -34.0 -83.1 -0.01 0
4934 25 0 0 570 111 0 -1 -1 -1 35.6 -34.0 -83.1 -0.01 0
4972 25 0 0 570 114 0 -1 -1 -1 35.3 -33.8 -83.0 -0.01 0
5011 25 0 0 570 117 2721 -1 -1 -1 35.3 -33.8 -83.0 -0.01 0
5049 25 0 0 570 120 2628 -1 -1 -1 35.3 -33.8 -83.0 -0.01 0
5087 26 0 0 570 117 2255 -1 -1 -1 35.8 -33.7 -82.8 -0.01 0
5125 26 0 0 570 114 0 -1 -1 -1 35.8 -33.7 -82.8 -0.01 0
5163 26 0 0 570 111 0 -1 -1 -1 35.7 -34.0 -82.7 -0.01 0
5201 26 0 0 570 108 0 -1 -1 -1 35.7 -34.0 -82.7 -0.01 0
5239 26 0 0 570 105 0 -1 -1 -1 35.4 -33.9 -83.1 -0.01 0
5277 27 0 0 570 102 0 -1 -1 -1 35.4 -33.9 -83.1 -0.01 0
5315 27 0 0 570 99 0 -1 -1 -1 35.3 -33.2 -83.1 -0.01 0
5353 27 0 0 570 96 0 -1 -1 -1 35.3 -33.5 -82.8 -0.01 0
5391 27 0 0 570 93 0 -1 -1 -1 35.3 -33.5 -82.8 -0.01 0
5429 27 0 0 570 90 0 -1 -1 -1 35.4 -33.5 -82.9 -0.01 0
5467 28 0 0 570 87 0 -1 -1 -1 35.4 -33.5 -82.9 -0.01 0
5505 28 0 0 570 84 0 -1 -1 -1 35.6 -33.8 -83.1 -0.01 0
5543 28 0 0 570 81 2509 -1 -1 -1 35.6 -33.8 -83.1 -0.01 0
5581 28 0 0 570 78 2417 -1 -1 -1 35.2 -33.8 -83.0 -0.01 0
5619 28 0 0 570 75 2725 -1 -1 -1 35.2 -33.8 -83.0 -0.01 0
5658 29 0 0 570 72 0 -1 -1 -1 35.2 -33.8 -83.0 -0.01 0
5696 29 0 0 570 69 0 -1 -1 -1 34.9 -33.8 -83.1 -0.01 0
5734 29 0 0 570 66 1201 -1 -1 -1 34.9 -33.8 -83.1 -0.01 0
5774 29 0 0 570 63 943 -1 -1 -1 35.5 -34.0 -83.1 -0.01 0
5812 29 0 0 570 60 834 -1 -1 -1 35.5 -34.0 -83.1 -0.01 0
5850 30 0 0 570 57 843 -1 -1 -1 35.3 -33.6 -82.7 -0.01 0
5887 30 0 0 570 54 857 -1 -1 -1 35.3 -33.6 -82.7 -0.01 0
5925 30 0 0 570 51 885 -1 -1 -1 35.5 -34.0 -83.2 -0.01 0
5964 30 0 0 570 48 897 -1 -1 -1 35.5 -33.6 -83.0 0.0 0
6001 30 0 0 570 45 811 -1 -1 -1 35.4 -33.6 -83.0 -0.01 0
6040 31 0 0 570 42 756 -1 -1 -1 35.9 -34.0 -83.0 -0.01 0
6078 31 0 0 570 45 0 -1 -1 -1 35.9 -34.0 -83.0 -0.01 0
6117 31 0 0 570 48 642 -1 -1 -1 35.5 -34.1 -83.1 -0.01 0
6154 31 0 0 570 51 675 -1 -1 -1 35.5 -34.1 -83.1 -0.01 0
6193 31 0 0 570 54 847 -1 -1 -1 35.3 -33.5 -83.5 -0.01 0
6231 32 0 0 570 57 863 -1 -1 -1 35.3 -33.5 -83.5 -0.01 0
6269 32 0 0 570 60 894 -1 -1 -1 35.0 -33.1 -83.2 -0.01 0
6307 32 0 0 570 63 871 -1 -1 -1 35.1 -33.8 -83.3 -0.01 0
6346 32 0 0 570 66 851 -1 -1 -1 35.1 -33.8 -83.3 -0.01 0
6383 32 0 0 570 69 828 -1 -1 -1 35.5 -33.7 -82.9 0.0 0
6421 33 0 0 570 72 911 -1 -1 -1 35.5 -33.7 -82.9 -0.01 0
6460 33 0 0 570 75 1108 -1 -1 -1 35.4 -33.9 -83.5 -0.01 0
6498 33 0 0 570 78 1371 -1 -1 -1 35.4 -33.9 -83.5 -0.01 0
6537 33 0 0 570 81 0 -1 -1 -1 35.5 -33.7 -83.3 -0.01 0
6574 33 0 0 570 84 0 -1 -1 -1 35.5 -33.3 -83.3 -0.01 0
6613 33 0 0 570 87 0 -1 -1 -1 35.5 -33.3 -83.3 -0.01 0
6651 34 0 0 570 90 2393 -1 -1 -1 35.7 -33.6 -83.1 -0.01 0
6690 34 0 0 570 93 2638 -1 -1 -1 35.7 -33.6 -83.1 -0.01 0
6728 34 0 0 570 96 0 -1 -1 -1 35.5 -33.9 -82.8 -0.01 0
6766 34 0 0 570 99 0 -1 -1 -1 35.5 -33.9 -82.8 -0.01 0
6854 35 0 0 570 102 0 -1 -1 -1 35.3 -33.2 -83.2 -0.01 0
6893 35 0 0 570 105 0 -1 -1 -1 35.3 -33.2 -83.2 -0.01 0
6931 35 0 0 570 108 3178 -1 -1 -1 35.6 -33.7 -82.9 -0.01 0
6970 35 0 0 570 111 0 -1 -1 -1 35.6 -33.7 -82.9 -0.01 0
7007 35 0 0 570 114 0 -1 -1 -1 35.5 -33.6 -83.2 -0.01 0
7045 35 0 0 570 117 2711 -1 -1 -1 35.5 -33.6 -83.2 -0.01 0
7084 36 0 0 570 120 0 -1 -1 -1 35.0 -33.3 -83.3 -0.01 0
7121 36 0 0 570 117 2226 -1 -1 -1 0.0 -33.7 -83.4 -0.01 0
7160 36 0 0 570 114 2314 -1 -1 -1 35.4 -33.7 -83.4 -0.01 0
7198 36 0 0 570 111 2220 -1 -1 -1 35.0 -33.4 -83.1 -0.01 0
7237 36 0 0 570 108 2778 -1 -1 -1 35.0 -33.4 -83.1 -0.01 0
7274 37 0 0 570 105 0 -1 -1 -1 35.5 -34.0 -82.7 -0.01 0
7314 37 0 0 570 102 0 -1 -1 -1 35.5 -34.0 -82.7 0.0 0
7352 37 0 0 570 99 3131 -1 -1 -1 35.3 -33.5 -83.2 -0.01 0
7389 37 0 0 570 96 3195 -1 -1 -1 35.3 -33.5 -83.3 -0.01 0
7428 37 0 0 570 93 3225 -1 -1 -1 35.4 -33.3 -83.3 -0.01 0
7466 38 0 0 570 90 0 -1 -1 -1 35.1 -33.0 -83.2 -0.01 0
7504 38 0 0 570 87 0 -1 -1 -1 35.1 -33.0 -83.2 -0.01 0
7543 38 0 0 570 84 0 -1 -1 -1 35.3 -34.1 -83.2 -0.01 0
7580 38 0 0 570 81 2554 -1 -1 -1 35.3 -34.1 -83.2 -0.01 0
7619 38 0 0 570 78 2374 -1 -1 -1 35.3 -33.5 -83.0 -0.01 0
7658 39 0 0 570 75 2709 -1 -1 -1 35.3 -33.5 -83.0 -0.01 0
7696 39 0 -15 570 72 0 -1 -1 -1 35.3 -34.0 -83.3 -0.01 0
7733 39 0 -16 570 69 0 -1 -1 -1 35.3 -34.0 -83.3 -0.01 0
7772 39 0 -16 570 66 1207 -1 -1 -1 35.3 -34.0 -83.3 -0.01 0
7810 39 0 -16 570 63 976 -1 -1 -1 35.3 -33.7 -83.9 -0.01 0
7849 40 0 -16 570 60 844 -1 -1 -1 35.3 -33.7 -83.9 -0.01 0
7887 40 0 -16 570 57 842 -1 -1 -1 35.6 -33.7 -83.7 -0.01 0
7925 40 0 -16 570 54 858 -1 -1 -1 35.6 -33.7 -83.7 0.0 0
7963 40 0 -16 570 51 879 -1 -1 -1 35.3 -33.5 -83.5 -0.01 0
8002 40 0 -16 570 48 898 -1 -1 -1 35.3 -33.5 -83.5 -0.01 0
8040 41 0 -16 570 45 814 -1 -1 -1 34.8 -33.0 -83.9 0.0 0
8078 41 0 -16 570 42 726 -1 -1 -1 35.0 -33.7 -83.8 -0.01 0
8116 41 0 -16 570 45 638 -1 -1 -1 35.0 -33.7 -83.8 -0.01 0
8155 41 0 -16 570 48 619 -1 -1 -1 35.0 -33.8 -83.6 -0.01 0
8193 41 0 -16 570 51 712 -1 -1 -1 35.0 -33.8 -83.6 0.0 0
8231 42 0 -16 570 54 842 -1 -1 -1 35.6 -33.9 -83.4 -0.01 0
8269 42 0 -16 570 57 829 -1 -1 -1 35.6 -33.9 -83.4 -0.01 0
8307 42 0 -16 570 60 900 -1 -1 -1 35.3 -33.6 -83.2 -0.01 0
8345 42 0 -16 570 63 875 -1 -1 -1 35.3 -33.3 -83.9 -0.01 0
8384 42 0 -16 570 66 854 -1 -1 -1 34.9 -33.3 -83.9 -0.01 0
8422 43 0 -20 570 69 837 -1 -1 -1 35.1 -33.5 -83.5 0.0 0
8459 43 0 -21 570 72 894 -1 -1 -1 35.1 -33.5 -83.5 -0.01 0
8498 43 0 -23 570 75 1209 -1 -1 -1 35.2 -33.4 -83.8 0.0 0
8536 43 0 -35 570 78 0 -1 -1 -1 35.2 -33.4 -83.8 -0.01 0
8574 43 0 -39 570 81 0 -1 -1 -1 34.9 -33.4 -85.8 -0.01 0
8612 43 0 -39 570 84 2731 -1 -1 -1 34.9 -33.4 -85.8 -0.01 0
8651 44 0 -39 570 87 0 -1 -1 -1 34.7 -33.1 -86.1 0.0 -1
8688 44 0 -39 570 90 2384 -1 -1 -1 34.3 -33.3 -85.8 0.0 0
8727 44 0 -39 570 93 2592 -1 -1 -1 34.3 -33.3 -85.8 0.0 0
8817 45 0 -39 570 96 0 -1 -1 -1 34.5 -33.1 -85.3 -0.01 -1
8856 45 0 -39 570 99 0 -1 -1 -1 34.9 -33.5 -85.6 -0.02 -1
8893 45 0 -39 570 102 3217 -1 -1 -1 34.7 -33.4 -85.1 -0.01 0
8931 45 0 -39 570 105 0 -1 -1 -1 34.7 -33.4 -85.1 0.0 -1
8969 45 0 -39 570 108 0 -1 -1 -1 34.4 -33.0 -85.7 -0.01 0
9007 46 0 -39 570 111 0 -1 -1 -1 34.4 -33.0 -85.7 0.0 -1
9046 46 0 -39 570 114 0 -1 -1 -1 34.7 -33.0 -85.0 -0.01 -1
9084 46 0 -39 570 117 2737 -1 -1 -1 34.7 -33.0 -85.0 -0.01 -1
9121 46 0 -39 570 120 2692 -1 -1 -1 34.9 -33.9 -84.5 -0.01 -1
9160 46 0 -39 570 117 2262 -1 -1 -1 34.9 -33.9 -84.6 -0.01 0
9199 47 0 -39 570 114 0 -1 -1 -1 34.2 -33.0 -84.6 -0.01 -2
9237 47 0 -39 570 111 0 -1 -1 -1 34.6 -34.0 -84.8 -0.01 0
9275 47 0 -39 570 108 0 -1 -1 -1 34.6 -34.0 -84.8 -0.01 -1
9313 47 0 -39 570 105 2682 -1 -1 -1 34.7 -33.6 -84.4 -0.02 -1
9351 47 0 -39 570 102 0 -1 -1 -1 34.7 -33.6 -84.4 -0.02 -2
9389 48 0 -39 570 99 0 -1 -1 -1 34.7 -33.8 -84.7 0.0 -1
9427 48 0 -39 570 96 0 -1 -1 -1 34.7 -33.8 -84.7 0.0 -1
9466 48 0 -39 570 93 3222 -1 -1 -1 34.9 -34.4 -84.0 -0.04 -1
9503 48 0 -39 570 90 0 -1 -1 -1 34.9 -34.4 -84.4 -0.02 -1
9541 48 0 -39 570 87 0 -1 -1 -1 34.8 -34.4 -84.4 -0.01 -1
9580 49 0 -39 570 84 2640 -1 -1 -1 34.8 -34.2 -83.9 -0.01 -1
9618 49 0 -39 570 81 2443 -1 -1 -1 34.8 -34.2 -83.9 0.0 -2
9657 49 0 -39 570 78 2781 -1 -1 -1 35.1 -34.1 -84.1 0.0 -1
9694 49 0 -39 570 75 0 -1 -1 -1 35.1 -34.1 -84.1 -0.02 -1
9733 49 0 -39 570 72 0 -1 -1 -1 35.3 -34.7 -83.3 -0.04 -2
9770 49 0 -39 570 69 0 -1 -1 -1 35.3 -34.7 -83.3 -0.05 -1
9809 50 0 -39 570 66 1243 -1 -1 -1 35.7 -34.7 -83.4 0.0 -1
9847 50 0 -39 570 63 1011 -1 -1 -1 35.7 -35.0 -83.2 -0.02 -2
9885 50 0 -39 570 60 878 -1 -1 -1 35.7 -35.0 -83.2 -0.02 -1
9923 50 0 -39 570 57 902 -1 -1 -1 35.9 -35.1 -83.0 0.0 -1
9962 51 0 -39 570 54 958 -1 -1 -1 35.9 -35.1 -83.0 -0.01 -2
10000 51 0 -39 570 51 942 -1 -1 -1 36.1 -35.0 -82.4 -0.02 -1
10038 51 0 -39 570 48 933 -1 -1 -1 36.1 -35.0 -82.4 -0.02 -1
10076 51 0 -39 570 45 757 -1 -1 -1 36.6 -35.0 -82.7 -0.02 -2
10115 51 0 -39 570 42 687 -1 -1 -1 36.6 -35.0 -82.6 -0.04 -2
10153 52 0 -39 570 45 184 -1 -1 -1 36.8 -35.0 -82.6 -0.02 -1
10190 52 0 -39 570 48 175 -1 -1 -1 36.6 -35.0 -82.5 0.0 -1
10229 52 0 -39 570 51 186 -1 -1 -1 36.6 -35.0 -82.5 -0.01 -2
10267 52 0 -39 570 54 701 -1 -1 -1 36.6 -35.0 -82.8 -0.04 -2
10306 52 0 -39 570 57 788 -1 -1 -1 36.6 -35.0 -82.8 -0.03 -1
10343 52 0 -39 570 60 845 -1 -1 -1 36.6 -34.5 -82.3 -0.05 -1
10382 53 0 -39 570 63 987 -1 -1 -1 36.6 -34.5 -82.3 -0.01 -2
10420 53 0 -39 570 66 958 -1 -1 -1 37.0 -34.6 -82.2 -0.03 -2
10459 53 0 -39 570 69 942 -1 -1 -1 37.0 -35.0 -81.9 -0.03 -1
10496 53 0 -39 570 72 925 -1 -1 -1 37.0 -35.0 -81.9 -0.02 -2
10534 53 0 -39 570 75 1070 -1 -1 -1 36.9 -34.4 -81.9 -0.03 -1
10573 53 0 -39 570 78 1329 -1 -1 -1 36.9 -34.4 -81.9 -0.01 -2
10611 54 0 -39 570 81 0 -1 -1 -1 36.9 -34.7 -81.4 -0.04 -1
10649 54 0 -39 570 84 0 -1 -1 -1 36.9 -34.7 -81.4 -0.02 -2
10687 54 0 -39 570 87 0 -1 -1 -1 36.8 -34.7 -81.1 -0.02 -1
10726 54 0 -39 570 90 2627 -1 -1 -1 36.8 -34.7 -81.1 -0.03 -2
10763 54 0 -39 570 93 2554 -1 -1 -1 37.0 -34.1 -81.3 -0.01 -2
10802 55 0 -39 570 96 0 -1 -1 -1 36.5 -33.7 -80.4 0.01 -1
10841 55 0 -39 570 99 0 -1 -1 -1 36.5 -33.7 -80.4 -0.01 -2
10877 55 0 -39 570 102 0 -1 -1 -1 36.7 -34.0 -81.0 -0.02 -1
10916 55 0 -15 570 105 0 -1 -1 -1 36.7 -34.0 -81.0 -0.08 -2
10954 55 0 -12 570 108 0 -1 -1 -1 37.0 -34.7 -79.8 -0.02 -2
10994 56 0 0 570 111 0 -1 -1 -1 37.0 -34.7 -79.8 -0.01 -1
11031 56 0 0 570 114 0 -1 -1 -1 36.9 -34.5 -79.6 0.0 -2
11068 56 0 0 570 117 2845 -1 -1 -1 36.9 -33.8 -80.1 -0.03 -1
11107 56 0 0 570 120 0 -1 -1 -1 36.3 -33.8 -80.1 -0.02 -2
11145 56 0 0 570 117 269 -1 -1 -1 37.4 -34.1 -81.4 -0.02 -1
11183 56 0 0 570 114 254 -1 -1 -1 37.4 -34.1 -81.4 -0.03 -1
11221 57 0 0 570 111 263 -1 -1 -1 37.2 -34.5 -81.4 -0.04 -1
11259 57 0 0 570 108 0 -1 -1 -1 37.2 -34.5 -81.4 0.01 -1
11298 57 0 0 570 105 0 -1 -1 -1 36.9 -33.7 -80.7 -0.01 -1
11335 57 0 0 570 102 0 -1 -1 -1 36.9 -33.7 -80.7 -0.01 -1
11374 58 0 0 570 99 0 -1 -1 -1 36.6 -33.4 -80.5 -0.01 -1
11412 58 0 0 570 96 0 -1 -1 -1 36.9 -33.8 -80.5 0.0 0
11449 58 0 -17 570 93 0 -1 -1 -1 36.9 -33.8 -80.5 -0.01 -1
11490 58 0 -30 570 90 0 -1 -1 -1 36.5 -33.7 -80.6 -0.01 0
11525 58 0 -30 570 87 0 -1 -1 -1 36.5 -33.7 -80.6 -0.02 -1
11564 58 0 -30 570 84 2768 -1 -1 -1 36.5 -33.4 -80.6 -0.01 -1
11602 58 0 -30 570 81 2645 -1 -1 -1 36.5 -33.4 -80.6 0.0 0
11640 59 0 -30 570 78 0 -1 -1 -1 36.1 -33.7 -80.9 -0.02 0
11680 59 0 -30 570 75 0 -1 -1 -1 36.1 -33.7 -81.0 -0.03 -1
11718 59 0 -29 570 72 0 -1 -1 -1 36.0 -32.9 -81.0 -0.01 0
11755 59 0 -20 570 69 1288 -1 -1 -1 35.8 -33.1 -81.0 0.0 -1
11794 59 0 -20 570 66 1042 -1 -1 -1 35.8 -33.1 -81.0 -0.04 -1
11833 60 0 -20 570 63 1001 -1 -1 -1 35.7 -33.2 -80.9 -0.04 -1
11872 60 0 -17 570 60 1029 -1 -1 -1 35.7 -33.2 -80.9 -0.03 0
11910 60 0 -12 570 57 1065 -1 -1 -1 36.0 -34.0 -80.7 -0.01 -1
11948 60 0 -11 570 54 264 -1 -1 -1 36.0 -34.0 -80.7 -0.01 0
11987 60 0 -11 570 51 250 -1 -1 -1 35.8 -33.2 -81.2 -0.01 -1
12024 61 0 -11 570 48 274 -1 -1 -1 0.0 -33.5 -81.4 -0.02 0
12063 61 0 -11 570 45 285 -1 -1 -1 36.0 -33.5 -81.4 -0.02 -2
12102 61 0 -11 570 42 283 -1 -1 -1 35.9 -33.5 -81.4 -0.02 0
12140 61 0 -11 570 45 321 -1 -1 -1 35.9 -33.5 -81.4 -0.01 -1
12178 61 0 -11 570 48 330 -1 -1 -1 35.9 -33.5 -81.5 -0.01 0
12220 62 0 -11 570 51 309 -1 -1 -1 35.9 -33.5 -81.5 0.0 -1
12255 62 0 -11 570 54 302 -1 -1 -1 36.0 -33.2 -81.3 -0.01 0
12294 62 0 -11 570 57 292 -1 -1 -1 36.0 -33.2 -81.9 0.0 0
12331 62 0 -25 570 60 272 -1 -1 -1 36.0 -33.6 -81.9 -0.01 -1
12370 62 0 -25 570 63 272 -1 -1 -1 36.0 -33.2 -82.0 -0.02 -1
12408 62 0 -25 570 66 266 -1 -1 -1 36.0 -33.2 -82.0 -0.01 0
12447 63 0 0 570 69 1078 -1 -1 -1 36.4 -33.8 -81.8 -0.02 0
12485 63 0 0 570 72 1025 -1 -1 -1 36.4 -33.8 -81.8 0.0 -1
12523 63 0 0 570 75 1041 -1 -1 -1 36.1 -34.3 -81.7 -0.02 -1
12561 63 0 0 570 78 1258 -1 -1 -1 36.1 -34.3 -81.7 -0.01 0
12599 63 0 0 570 81 0 -1 -1 -1 36.2 -33.8 -82.0 -0.01 0
12638 63 0 29 570 84 0 -1 -1 -1 36.1 -33.7 -82.0 -0.01 -1
12675 64 0 47 570 87 0 -1 -1 -1 36.1 -33.7 -82.0 0.0 0
12715 64 0 48 570 90 2764 -1 -1 -1 35.8 -33.8 -87.3 -0.01 -1
12752 64 0 48 570 93 0 -1 -1 -1 35.8 -33.8 -87.3 0.01 0
12791 64 0 43 570 96 0 -1 -1 -1 36.6 -34.2 -88.6 -0.01 0
12829 64 0 25 570 99 0 -1 -1 -1 36.6 -34.2 -88.6 -0.01 1
12867 65 0 0 570 102 0 -1 -1 -1 37.4 -35.0 -86.2 -0.02 0
12907 65 0 0 570 105 0 -1 -1 -1 37.4 -35.0 -83.5 -0.01 1
12944 65 0 0 570 108 0 -1 -1 -1 37.5 -34.4 -83.5 0.03 0
12982 65 0 0 570 111 0 -1 -1 -1 36.1 -34.0 -81.5 -0.02 1
13019 65 0 0 570 114 0 -1 -1 -1 36.1 -34.0 -81.5 0.0 0
13058 66 0 0 570 117 0 -1 -1 -1 36.0 -34.2 -81.4 -0.04 1
13098 66 0 0 570 120 297 -1 -1 -1 36.0 -34.2 -81.4 0.01 0
13135 66 0 0 570 117 289 -1 -1 -1 36.2 -33.9 -81.4 0.0 0
13173 66 0 0 570 114 304 -1 -1 -1 36.2 -33.9 -81.4 0.0 0
13211 66 0 0 570 111 277 -1 -1 -1 36.0 -33.8 -81.3 -0.02 0
13251 67 0 0 570 108 295 -1 -1 -1 36.0 -33.8 -81.4 -0.02 1
13287 67 0 -23 570 105 0 -1 -1 -1 36.2 -33.8 -81.4 0.0 0
13326 67 0 -27 570 102 0 -1 -1 -1 35.7 -34.0 -82.0 0.0 0
13364 67 0 -27 570 99 0 -1 -1 -1 35.7 -34.0 -82.0 -0.01 0
13401 67 0 -27 570 96 0 -1 -1 -1 36.0 -33.8 -82.0 -0.01 0
13440 68 0 -12 570 93 0 -1 -1 -1 36.0 -33.8 -82.0 -0.03 0
13479 68 0 0 570 90 0 -1 -1 -1 35.9 -33.6 -82.0 -0.01 0
13516 68 0 0 570 87 0 -1 -1 -1 35.9 -33.6 -82.0 -0.01 0
13554 68 0 0 570 84 2723 -1 -1 -1 36.0 -34.0 -81.3 -0.01 0
13593 68 0 0 570 81 2686 -1 -1 -1 36.0 -33.3 -81.8 -0.01 0
13631 69 0 0 570 78 2887 -1 -1 -1 36.0 -33.3 -81.8 -0.01 -1
13668 69 0 0 570 75 0 -1 -1 -1 36.3 -34.1 -81.0 -0.02 0
13708 69 0 0 570 72 0 -1 -1 -1 36.3 -34.1 -81.0 0.0 0
13746 69 0 0 570 69 1223 -1 -1 -1 36.0 -33.9 -81.4 -0.01 0
13784 69 0 0 570 66 1006 -1 -1 -1 36.0 -33.9 -81.4 0.0 0
13822 70 0 0 570 63 1026 -1 -1 -1 36.1 -33.8 -82.0 -0.01 0
13862 70 0 0 570 60 1053 -1 -1 -1 36.1 -34.0 -81.6 0.0 0
13899 70 0 0 570 57 286 -1 -1 -1 36.2 -34.0 -81.6 0.0 0
13938 70 0 0 570 54 269 -1 -1 -1 35.8 -33.8 -81.7 -0.01 0
13976 70 0 0 570 51 277 -1 -1 -1 35.8 -33.8 -81.7 -0.01 0
14013 71 0 0 570 48 267 -1 -1 -1 36.2 -33.6 -81.7 -0.01 0
14052 71 0 0 570 45 296 -1 -1 -1 36.2 -33.6 -81.7 -0.01 0
14091 71 0 0 570 42 294 -1 -1 -1 36.2 -34.0 -81.4 -0.01 0
14129 71 0 0 570 45 321 -1 -1 -1 36.2 -34.0 -81.4 -0.01 0
14166 71 0 0 570 48 331 -1 -1 -1 36.1 -33.6 -81.8 -0.01 0
14205 71 0 -23 570 51 313 -1 -1 -1 36.0 -33.8 -81.5 -0.01 0
14243 72 0 -28 570 54 300 -1 -1 -1 36.0 -33.8 -81.5 0.0 0
14281 72 0 -28 570 57 290 -1 -1 -1 35.7 -33.7 -82.3 -0.01 0
14320 72 0 -22 570 60 279 -1 -1 -1 35.7 -33.7 -82.3 -0.01 0
14358 72 0 -13 570 63 268 -1 -1 -1 36.2 -34.4 -81.5 -0.03 0
14396 72 0 -13 570 66 268 -1 -1 -1 36.2 -34.4 -81.5 -0.01 0
14485 73 0 0 570 69 1070 -1 -1 -1 35.8 -33.8 -81.7 -0.03 0
14523 73 0 0 570 72 1029 -1 -1 -1 35.8 -33.8 -81.7 -0.01 0
14561 73 0 0 570 75 1012 -1 -1 -1 36.4 -33.6 -81.5 -0.01 -1
14599 73 0 0 570 78 1220 -1 -1 -1 36.4 -33.6 -81.5 -0.01 0
14638 74 0 0 570 81 0 -1 -1 -1 36.4 -33.9 -81.3 -0.01 0
14675 74 0 0 570 84 0 -1 -1 -1 36.4 -33.9 0.0 0.0 -1
14714 74 0 0 570 87 0 -1 -1 -1 36.3 -33.8 -81.6 0.0 0
14752 74 0 0 570 90 0 -1 -1 -1 36.2 -34.0 -81.8 -0.01 0
14789 74 0 0 570 93 0 -1 -1 -1 36.2 -34.0 -81.8 -0.01 0
14828 75 0 0 570 96 0 -1 -1 -1 36.1 -34.2 -81.9 0.0 0
14866 75 0 0 570 99 0 -1 -1 -1 36.1 -34.2 -81.9 0.0 0
14904 75 0 0 570 102 0 -1 -1 -1 36.3 -34.2 -81.4 0.0 0
14942 75 0 0 570 105 0 -1 -1 -1 36.3 -34.2 -81.4 -0.01 0
14980 75 0 0 570 108 0 -1 -1 -1 36.1 -33.6 -81.5 -0.01 0
15018 75 0 0 570 111 0 -1 -1 -1 36.1 0.0 -82.2 0.0 0
15055 75 0 0 570 114 0 -1 -1 -1 35.9 -33.8 -82.2 -0.01 0
15095 76 0 0 570 117 0 -1 -1 -1 36.3 -34.3 -81.6 -0.01 0
15132 76 0 0 570 120 298 -1 -1 -1 36.3 -34.3 -81.6 -0.01 0
15170 76 0 0 570 117 280 -1 -1 -1 36.1 -34.3 -81.4 -0.01 0
15209 76 0 0 570 114 306 -1 -1 -1 36.1 -34.3 -81.4 -0.01 0
15247 76 0 0 570 111 296 -1 -1 -1 36.4 -34.3 -81.4 -0.01 0
15285 77 0 0 570 108 0 -1 -1 -1 36.4 -34.3 -81.4 0.0 0
15323 77 0 0 570 105 0 -1 -1 -1 35.7 -34.0 -81.7 -0.01 0
15362 77 0 0 570 102 0 -1 -1 -1 36.0 -33.8 -81.8 -0.01 0
15400 77 0 0 570 99 0 -1 -1 -1 36.0 -33.8 -81.8 -0.01 0
15439 77 0 0 570 96 0 -1 -1 -1 36.1 -33.7 -81.7 -0.01 0
15476 78 0 0 570 93 0 -1 -1 -1 36.1 -33.7 -81.7 -0.01 0
15515 78 0 0 570 90 0 -1 -1 -1 36.4 -34.1 -81.2 0.0 0
15553 78 0 0 570 87 0 -1 -1 -1 36.4 -34.1 -81.2 0.0 0
15592 78 0 0 570 84 2762 -1 -1 -1 36.2 -34.0 -81.3 -0.01 0
15630 78 0 0 570 81 2661 -1 -1 -1 36.2 -34.0 -81.8 -0.01 0
15667 79 0 0 570 78 0 -1 -1 -1 36.3 -33.8 -81.8 -0.01 0
15706 79 0 0 570 75 0 -1 -1 -1 35.8 -33.7 -81.3 0.0 0
15743 79 0 0 570 72 1620 -1 -1 -1 35.8 -33.7 -81.3 -0.01 0
15782 79 0 0 570 69 1243 -1 -1 -1 36.2 -33.8 -81.7 -0.01 0
15820 79 0 0 570 66 1027 -1 -1 -1 36.2 -33.8 -81.7 -0.01 0
15858 79 0 0 570 63 1020 -1 -1 -1 35.8 -34.0 -81.6 -0.01 0
15898 80 0 0 570 60 1054 -1 -1 -1 35.8 -34.0 -81.6 -0.01 0
15935 80 0 0 570 57 283 -1 -1 -1 36.0 -34.0 -81.6 -0.01 0
15974 80 0 0 570 54 270 -1 -1 -1 36.1 -34.1 -81.7 -0.01 0
16012 80 0 0 570 51 276 -1 -1 -1 36.1 -34.1 -81.7 -0.01 0
16049 80 0 0 570 48 270 -1 -1 -1 36.1 -34.0 -81.5 -0.01 0
16089 81 0 0 570 45 304 -1 -1 -1 36.1 -34.0 -81.5 -0.01 0
16126 81 0 0 570 42 315 -1 -1 -1 36.1 -33.6 -81.2 -0.01 0
16165 81 0 0 570 45 332 -1 -1 -1 36.1 -33.6 -81.2 -0.01 0
16203 81 0 0 570 48 341 -1 -1 -1 36.2 -34.0 -81.4 -0.01 0
16241 81 0 0 570 51 321 -1 -1 -1 36.2 -34.0 -81.7 -0.01 0
16279 81 0 0 570 54 303 -1 -1 -1 36.0 -33.9 -81.7 -0.01 0
16318 82 0 0 570 57 299 -1 -1 -1 36.3 -34.0 -81.5 -0.01 0
16356 82 0 0 570 60 270 -1 -1 -1 36.3 -34.0 -81.5 -0.01 0
16394 82 0 0 570 63 276 -1 -1 -1 36.1 -34.0 -81.3 -0.01 0
16433 82 0 0 570 66 271 -1 -1 -1 36.1 -34.0 -81.3 -0.01 0
16472 82 0 0 570 69 1060 -1 -1 -1 36.6 -34.2 -81.7 -0.01 0
16509 83 0 0 570 72 1027 -1 -1 -1 36.6 -34.2 -81.7 -0.01 0
16547 83 0 0 570 75 1043 -1 -1 -1 36.2 -33.6 -81.6 -0.01 0
16586 83 0 0 570 78 1235 -1 -1 -1 36.0 -34.0 -81.9 -0.01 0
16625 83 0 0 570 81 0 -1 -1 -1 36.0 -34.0 -81.9 -0.01 0
16662 83 0 0 570 84 0 -1 -1 -1 36.3 -34.1 -81.7 -0.01 0
16700 84 0 0 570 87 0 -1 -1 -1 36.3 -34.1 -81.7 -0.01 0
16739 84 0 0 570 90 2754 -1 -1 -1 36.0 -34.7 -81.9 -0.01 0
16777 84 0 0 570 93 0 -1 -1 -1 36.0 -34.7 -81.9 -0.01 0
16815 84 0 0 570 96 2801 -1 -1 -1 36.0 -33.9 -81.6 -0.01 0
16853 84 0 0 570 99 0 -1 -1 -1 36.0 -33.9 -81.6 -0.01 0
16891 85 0 0 570 102 0 -1 -1 -1 36.0 -33.7 -81.7 -0.01 0
16929 85 0 0 570 105 0 -1 -1 -1 36.2 -33.8 -81.4 -0.01 0
16967 85 0 0 570 108 0 -1 -1 -1 36.2 -33.8 -81.4 -0.01 0
17005 85 0 0 570 111 0 -1 -1 -1 36.3 -33.8 -81.7 -0.01 0
17043 85 0 0 570 114 0 -1 -1 -1 36.3 -33.8 -81.7 -0.01 0
17081 86 0 0 570 117 2878 -1 -1 -1 36.4 -34.3 -81.2 -0.01 0
17119 86 0 0 570 120 297 -1 -1 -1 36.4 -34.3 -81.2 -0.01 0
17158 86 0 0 570 117 287 -1 -1 -1 36.3 -34.3 -81.6 -0.01 0
17196 86 0 0 570 114 305 -1 -1 -1 36.3 -34.3 -81.9 -0.01 0
17233 86 0 0 570 111 284 -1 -1 -1 35.7 -33.7 -81.9 -0.01 0
17271 87 0 0 570 108 293 -1 -1 -1 36.2 -34.0 -81.5 -0.01 0
17310 87 0 0 570 105 0 -1 -1 -1 36.2 -34.0 -81.5 -0.01 0
17349 87 0 0 570 102 0 -1 -1 -1 36.1 -34.7 -81.7 -0.01 0
17386 87 0 0 570 99 0 -1 -1 -1 36.1 -34.7 -81.7 -0.01 0
17426 87 0 0 570 96 0 -1 -1 -1 36.1 -34.2 -81.7 -0.01 0
17463 88 0 0 570 93 0 -1 -1 -1 36.1 -34.2 -81.7 -0.01 0
17501 88 0 0 570 90 0 -1 -1 -1 35.8 -34.2 -81.8 -0.01 0
17539 88 0 0 570 87 0 -1 -1 -1 36.0 -34.0 -81.9 -0.01 0
17577 88 0 0 570 84 2726 -1 -1 -1 36.0 -34.0 -81.9 -0.01 0
17616 88 0 0 570 81 2687 -1 -1 -1 36.0 -34.2 -81.7 -0.01 0
